    1214    6.7472e+09            -2             5
    1560    1.4388e+09            -2             3
    1270    5.9167e+09            -2             5
    1518    1.8719e+09            -2             4
    1246    5.9424e+09            -2             5
    1284    5.9048e+09            -2             5
    1262     5.717e+09            -2             5
    1279    5.6295e+09            -2             5
    1261    6.2091e+09            -2             5
    1282    6.1835e+09            -2             5
    1366     5.328e+09            -2             4
    1449    3.6426e+09            -2             4
    1268    5.9183e+09            -2             5
    1289    5.8984e+09            -2             5
    1325    6.4809e+09            -2             5
    1393    2.5565e+09            -2             4
    1289    5.8964e+09            -2             5
    1227    5.9608e+09            -2             5
    1397    2.5357e+09            -2             4
    1255    6.7017e+09            -2             5
    1277    6.6756e+09            -2             5
    1575    2.3031e+09            -2             3
    1276    6.6782e+09            -2             5
    1262    6.6919e+09            -2             5
    1650    1.2858e+09            -1             3
    1256    5.9314e+09            -2             5
    1242    5.9498e+09            -2             5
    1269    6.6847e+09            -2             5
    1298    5.6808e+09            -2             5
    1417    2.2645e+09            -2             4
    1325    3.1074e+09            -2             5
    1315    5.8725e+09            -2             5
    1182    6.5654e+09            -2             5
    1340    4.5129e+09            -2             4
    1299    5.6803e+09            -2             5
    1356     4.018e+09            -2             4
    1236    6.7221e+09            -2             5
    1165    9.0623e+09            -2             6
    1448    2.2341e+09            -2             4
    1456     2.315e+09            -2             4
    1233     6.726e+09            -2             5
    1493    2.0765e+09            -2             4
    1243    6.7134e+09            -2             5
    1181    7.2755e+09            -2             5
    1237    6.7222e+09            -2             5
    1286    5.9007e+09            -2             5
    1249    5.9391e+09            -2             5
    1420    2.7973e+09            -2             4
    1288    4.0663e+09            -2             5
    1253    6.7044e+09            -2             5