0.067078
    0.072196
    0.073189
    0.078738
    0.067268
    0.069172
    0.064953
    0.068197
    0.066775
    0.069178
    0.078046
    0.065908
    0.074027
    0.074122
    0.078024
    0.073802
    0.074674
    0.068545
    0.074399
    0.070161
    0.070078
    0.067847
    0.069835
    0.071482
    0.078209
     0.07381
    0.067875
    0.074711
    0.076584
    0.074386
    0.069892
    0.078258
    0.067614
    0.077316
    0.076112
     0.07782
    0.073618
    0.072251
    0.071895
    0.071757
    0.071168
    0.077607
    0.068451
    0.061724
    0.070286
    0.068208
     0.06632
    0.068966
    0.071312
    0.063871