
    17.001
    16.636
    16.985
    16.697
    16.985
    16.985
    16.974
    16.974
    16.995
    16.995
    16.973
    16.851
    16.985
    16.985
    17.004
    16.789
    16.985
    16.985
    16.795
    17.001
    17.001
    16.766
    17.001
    17.001
    16.594
    16.985
    16.985
    17.001
    16.974
    16.774
    16.851
    16.985
    17.004
    16.927
    16.974
    16.906
    17.001
    17.051
    16.761
    16.761
    17.001
    16.749
    17.001
     17.02
    17.001
    16.985
    16.985
    16.826
    16.906
    17.001