67.078
    72.196
    73.189
    78.738
    67.268
    69.172
    64.953
    68.197
    66.775
    69.178
    78.046
    65.908
    74.027
    74.122
    78.024
    73.802
    74.674
    68.545
    74.399
    70.161
    70.078
    67.847
    69.835
    71.482
    78.209
     73.81
    67.875
    74.711
    76.584
    74.386
    69.892
    78.258
    67.614
    77.316
    76.112
     77.82
    73.618
    72.251
    71.895
    71.757
    71.168
    77.607
    68.451
    61.724
    70.286
    68.208
     66.32
    68.966
    71.312
    63.871