1024.8
     885.4
    433.25
    431.23
       491
     332.9
    1024.5
    1719.4
    1443.4
    719.61
    327.12
    2632.1
    672.11
    272.68
    350.46
    745.21
    430.08
    353.08
    613.32
    1019.5
    667.33
    2367.6
    634.03
    334.51
     823.9
    897.94
    352.15
    502.28
    362.77
    689.41
    405.39
    366.05
    1115.1
    532.29
    259.57
       233
     309.2
    285.02
    604.92
    720.46
    494.28
    526.31
    511.64
    1376.6
    369.66
    606.97
    1665.6
    1798.3
    344.94
    2796.4